-102.089537046333
-53.5850736053333
-176.934584534333
-85.708353443
-70.332782362
-15.528850516
-137.254230682333
26.3669216196667
-104.623000449
-164.870467535
-159.084532054667
-46.1876526973333
-134.973223315667
-68.499029982
66.4065840253333
-41.163665413
-47.162878861
-24.388997241
-25.8096510096667
-24.4469009646667
-142.194009939333
-43.0369420443333
-54.212298564
-159.456504994667
-87.2496208233334
19.2018010863333
-104.379982046333
-30.162758642
-94.0607417683333
-0.684138553666669
29.678598642
-63.6829872573334
-173.608064480333
-149.339141618333
-87.467685776
-102.383019634333
-95.4216289613333
-39.4272888606667
-47.2093686276667
-86.091180416
-40.2745432383333
23.4603586766667
-28.4669848493333
-57.8425269696667
-114.787683496667
-74.4577632653333
-71.4165655823334
0.71990222533333
-27.9394354453333
-159.241062426
-128.352483455
-147.625433037667
-82.260402811
-96.9787353116667
-104.617169116333
-90.651066692
-0.407298205666667
-30.2112370883333
4.95433814233333
-134.023029339667
-166.306429277
-12.348309763
-63.4451162206666
-113.494641113333
-69.503180464
-120.466494211667
-60.1514665863333
-125.38240124
-130.067769653
-54.458297513
4.96220167
-89.2808370803334
-92.194850119
-30.116856927
-57.1365392033334
-71.6775287133333
-17.6249655673333
-45.8973313186667
-34.6844983426667
-6.51732679833333
-73.619955956
-42.9495750693333
-103.669979188333
-25.0845129883333
-39.488628593
-6.91171694966667
1.22049222533333
4.65887966966666
-105.090263425
-109.782767296333
-15.3305878073333
-162.426376776
-159.506054794667
-112.677827559333
-104.024662281333
-26.836943122
-108.870253609
-104.269568063333
-91.5854945896667
-80.0919722086666
-81.107115345
-42.9185574366667
-96.607389421
-21.342251563
-68.8550673593333
-133.587705344333
-154.869042418333
7.321398728
15.90570689
-35.9649468396667
-81.3170539933333
-35.8882787526667
-34.8263666653333
-106.138329887
-29.653582155
-68.4314177566666
-87.4846186483333
-36.900368958
65.5238827283333
-41.0385273993333
-56.4027782326666
-70.5495535533333
-145.704894260667
-94.713287343
-67.4946013163333
-23.3494007716667
-108.739161973333
-114.815274304
-170.497963282333
-91.9289835806667
-56.579000939
-135.401849197667
-120.15318587
-39.413728428
-84.034950694
-27.1006850706667
-67.1627515886667
-11.2086393403333
-73.763138525
-74.8924450886667
-111.756564536667
-61.03961411
-66.1859272943333
39.246817321
-143.318516934333
-16.1101339236667
-82.0376369606667
-66.4403130206667
-23.088256872
-39.4105968096667
-39.0839270813333
-77.0475902663333
-57.9175790056667
-96.11632347
-14.2621029473333
-57.257423124
-42.3404015963333
6.11701992133333
72.1165806096667
-122.262591218
-168.714266564
-143.645156082333
-25.2199467096667
-168.411020235
-141.563128078667
-45.0483285603333
-163.018445094667
67.5839834896667
-25.232405061
-88.2760925303334
-91.7019339453333
-112.230818723333
-40.1205536403333
-152.65461916
-59.2620390313334
-65.51110122
-45.5881916886667
-25.986309291
-4.48987648433333
-54.1793262313333
-157.804011557667
-88.101370224
-80.921114146
-126.792827762333
-72.7613483706667
-24.278971256
-61.087772338
44.3850680386667
-104.751003926333
-66.4597386126667
-128.037494722667
-130.757312186
-137.712753115667
-89.6356305226667
-119.145557310333
-167.039588570333
52.4487735856667
-32.27232485
-59.4664094473333
-111.837550208
-24.959016905
11.4364664836667
-8.81844183266667
-81.508656482
-46.4926810153333
-104.903626048333
-33.6871477103333
-39.686257339
-8.835799699
-52.394785425
-34.861580703
-86.4347734056667
-106.72432111
-78.3089792176667
-137.576894586667
-80.1649986636667
-52.396849809
5.21989885433333
-104.183005744667
-46.5506279376667
-71.2395814316667
49.2948909493333
-116.836085864667
-139.672556913
-52.742412762
-103.165864656333
-75.0534244386666
1.193965195
-136.915845779667
66.7170209453333
-11.56326218
-34.3067127776667
-111.251128204
-16.8769603666667
-152.133819057667
-79.3862592613333
-110.845114938667
-106.652587819667
-113.801467637
-26.152194963
-7.71659789066667
50.0780268726667
-169.235832862333
-49.858520047
5.64300869566666
-55.9478110656667
-60.9550127753333
-139.101363944667
-97.6390518703333
-7.15381843833334
-71.9937748303333
-72.721065385
-90.3808771566667
-96.74928472
-44.9761309956667
-99.4119119856667
-18.40465603
27.3409316053333
-48.6871161303333
-101.342253874
-63.9949559433333
-9.26884237666667
53.8972309306667
-121.496096609
-182.766505953
-7.09573790666667
-99.1061308103333
-47.1372113633333
5.261156998
-136.737653605667
-102.154456287
-35.963774267
-29.1029858306667
17.515887623
-129.602316231667
-159.989257164
-108.567235934
67.7186514826667
-73.9978783566667
-66.7369637176667
-96.8769527273333
-37.921048789
-19.5814542086667
-106.544945830667
-5.17665357833333
-34.1867117426667
-71.868574611
17.4219302616667
-59.3126497813333
27.5230885733333
-19.0934840953333
-13.4752508613333
-20.381963526
-138.662846051
-75.501211823
-55.2620491996667
-115.656208508
-136.425627242
-115.507246305333
-64.7963616456667
-60.1468184733333
-143.774147483
-116.346411321333
-75.5113080093333
25.2298801206667
-32.3563679213333
-26.4437518676667
-21.4782131763333
-52.763153017
11.4284821033333
-13.358989636
-56.2825219596667
-65.0338675373333
-41.2732094903333
-40.227243484
-140.97517662
-55.8706396816667
-29.2190172286667
-58.68016925
-44.3423066353333
-105.994079435333
-37.245134078
-19.1587882736667
-125.373015080667
-20.5841122253333
-40.5268815833333
-124.758006785
-58.453200307
11.126796608
27.5820094766667
-15.0990669083333
-50.7118259563333
-158.243635268
-163.099159524
-16.203983755
-98.5753776456667
6.01055369433333
-104.310408052
-44.701196897
-35.3636333173333
-141.810549550333
-73.6767236033333
-46.8321958603333
-12.1552692753333
-55.154730039
-184.455847362333
-28.2870317633333
-64.6246284706667
-34.575860913
-83.040995975
-7.952691281
-73.830465221
-122.346978140667
-129.998339220333
-103.744282441333
-79.5760805096667
-40.6950691513333
31.0920362046667
-51.3188003806667
-19.5481069983333
-151.724845208
-75.5331774046667
-33.2252809656667
-28.9005326186667
-87.3370347956667
-9.12031892466667
-112.053795468
-9.954744623
-37.6264286973333
-24.0602194056667
-49.7823895366667
-28.142865322
-16.3670559993333
-37.8139322716667
16.9468809723333
-107.438003355
-120.818392919333
-60.0264159896667
-99.097312508
-72.458262866
-94.8169297183334
-53.720686454
-146.476426679667
-11.1996800323333
-35.3515485603333
-40.8512638043333
-22.566967639
-45.2355597803333
-100.827479199667
-36.4312442366667
-75.7977456476667
-102.282331374667
4.7564707
-82.688244242
-117.431870539333
-63.4045372703333
-97.1198094156667
-43.5305884253333
-48.501334283
-73.8255931443333
-159.953785659333
-45.445910379
-93.102840698
-23.122474064
-73.9258955756667
-166.662037323333
-77.9984706266666
21.80939001
-8.50401737766667
-65.0847951893333
-134.931447854333
-84.8396725146667
-22.7757216266667
-59.878308567
-127.38279679
57.5123875233333
-64.7422698623333
-94.2800472066666
-71.91462953
-143.144170408333
-158.213003214667
-109.063060693
-14.2344918076667
-67.545338632
-13.4985759963333
-29.3017412956667
-67.1991194366666
-46.3323083383333
-108.627168214
-98.6721157236667
-27.8090669833333
-121.029878838667
-90.6502218873334
-36.2421950593333
-56.416170598
-82.3701446946667
-56.5491114846667
-62.423133729
-15.5485037033333
-146.241404245667
-109.436020402
-37.6426202696667
-29.926365691
-150.576348375333
-62.5275081786667
-17.8199746603333
-101.188993873333
-6.61913793333334
-111.60188348
-22.6148525006667
-6.20101206533333
-110.568485901667
-118.039229545333
-61.98615468
-10.121887698
-23.281068516
-24.3633258033333
-9.74329420066666
-66.8399163463333
-173.729213008
-67.0440122166667
-103.678531692
5.457143128
-105.649696165333
49.5840538736667
-21.9893425246667
-7.283322081
-75.824093975
-119.521778116
-38.7373605766667
-8.709116971
-171.367981446667
-136.383740389333
-30.956288984
-104.260840161667
3.34780873366666
-100.593282918333
-20.0776715706667
-0.520121794000002
-117.223025724
19.7024248666667
-36.78368518
-61.9695815616667
-50.382030222
-102.018569072333
-50.4751399936667
70.3965889846667
-114.603532908333
-79.6898668653334
-66.4161227573333
-133.464308088333
-20.8742180123333
27.0385695713333
-36.5452609473333
-45.239885413
-125.824533435333
-82.917404188
-97.9379318196666
-59.3825373943333
-123.724532072333
10.043200383
-79.4810387876667
-72.8917518526667
-142.879932139667
-7.59742547266667
46.608236361
-61.1153390366667
-121.533614631333
-27.2914588286667
-69.3551401046667
-147.131758099
-1.80014886166667
-62.2352227193333
-99.9554228993333
-136.361884927
-17.2910414936667
-43.4624383956667
-103.266182690333
-129.743421681
-45.672527836
-141.621521525667
-74.2938812336667
-14.2807941636667
-24.890053282
13.2547110076667
-19.34019309
-33.4119697836667
-79.301978543
-11.520638902
-129.317560849
-20.0235731943333
-120.559585436
-59.7957143606666
15.7849407223333
-52.8955592436666
-42.961374636
-26.078388429
-92.827022003
-88.2601126596667
-100.763964205667
-42.1286764783333
-115.089589745
-48.8767614946667
-64.9233484386667
-21.119369291
-69.0715356736667
-107.320626454667
-21.915889814
11.13140213
-110.303793558667
-174.410347290333
-123.882904634
-49.9127472783333
-51.5266888323333
-38.4187502013333
-60.2236548753333
-36.9920147676667
-122.140355133333
-128.964808919667
-86.3167675406667
-40.056258475
-33.8147888623333
-52.184470277
-88.9632554086667
-136.727318676667
-101.531307071667
-84.2925128276667
-27.8756350846667
-118.964429750667
-36.525352651
-127.384785140667
-41.5132783433333
-80.5930998633333
-48.3072894533333
-9.814261707
-3.08996924033334
-122.654060201333
-1.54954532033333
64.0765388353333
-74.2852637373334
6.93071079233333
-87.9984689146667
-48.015459784
-36.0885272296667
-107.595968617667
-75.3029063453334
-107.320626454667
-57.855638334
-91.3706676576667
-1.546655001
-50.9505942253333
67.2149748646667
-137.934888403333
-23.042563622
-143.645156082333
-20.6134085506667
-11.079674093
9.49873760366667
-62.4870139676666
-93.9078138813334
-43.0485597483333
63.4238845153333
-115.014326431
-24.5783210053333
-112.539791951667
-18.9959561646667
-83.7612271303333
-72.026831913
-37.4756908736667
-73.4842884733333
-151.539215034667
-7.72467407733334
-81.5545160203333
-30.0450439873333
-42.087022106
-42.1653662406667
-104.183303798
-105.64816824
-77.7947911183333
17.096688432
-27.0050925633333
-5.31030763933334
-55.6204022316666
-41.9880922876667
-117.598511553667
-1.28951694666667
-1.28730559066667
-10.8574402933333
-92.606964398
6.52223714433333
-122.906989705667
-73.7315699503333
-114.088658155667
70.6337342966667
-48.469823879
-3.426097785
-81.964135758
-1.83167754733333
-121.064321276667
-56.862655793
-46.3368459266667
-98.3386792023333
-75.5180980133333
19.648189876
-85.1888942203333
-53.2388582436667
-61.0808774846667
26.0235651513333
-123.400234352333
-123.139886416667
-17.5935942806667
-148.997980030667
-6.42644757833333
-55.7574301456667
-128.662459595
-6.41973329366666
-108.58031305
-44.9850191646667
-166.323880790667
-165.849275715333
-161.382207672667
-117.053399261667
-6.43999316833333
-9.11126923
-5.49724477833334
-157.851148094667
-36.145404144
-136.038336754
-54.409238315
-29.6698683013333
-96.523203212
58.5448115943333
-104.863730711667
-46.1773402313333
-45.2952294593333
-60.1015861343333
-29.6002105513333
-132.509759704
-26.373382742
22.035310681
-68.4566348063333
-74.2072742646667
49.593250169
-103.396839105333
-14.659656329
-40.2545244313333
-89.7021669873333
4.15115576733333
-26.540634224
-32.881159282
-89.2291527906667
-28.252111976
-65.809211355
-39.6459161486667
-51.5774701713333
-62.463084449
-73.7645802106667
-34.1613971656667
-26.05424843
-88.509816896
-84.664259441
-104.653369266
-32.1263477143333
-128.664079737
-179.578777150667
-70.339386185
-29.1716588796667
-118.962771875
-34.3907503003333
13.360706486
-11.5106187103333
-157.658794694667
-32.0326997826667
-104.156680628
-86.887184167
-72.835638029
-65.630281231
-19.13499366
-131.258875865667
55.5807241456667
-106.722276616
-98.3042388556666
-173.551712857333
-89.3971547826667
-43.9753417936667
-62.4851682056667
-84.171353377
-117.500387778667
-52.1401154763333
-76.4880112596666
-113.107237825333
-60.9271175203333
-105.788717291333
-67.621935591
-159.074559805333
4.68017220166666
-6.15753247966667
-11.0647363566667
-153.554165767
-42.1146785183333
-76.8000824356667
-65.4370436213333
-33.1618916633333
-26.7709763006667
-37.292065857
-37.1780608923333
-10.768236052
-156.380190841333
-103.298931565
-113.038470512333
-142.214187549667
-90.951169811
-15.3750956706667
-71.225458232
-59.6282974033333
13.4940921153333
-80.4279761153334
-12.789331513
-117.595917742333
-48.9053136393333
-76.0387567186667
8.821606546
-143.730750212667
-41.649118088
-14.263369216
-99.0474295433334
-33.6243872183333
-27.099993957
-95.2473806726667
3.820378229
-97.5954758166666
-150.480512428
-118.004805438667
-21.2678241796667
8.343331969
48.487744247
-131.16734152
59.2488358533333
-145.425733072
-79.469029614
-62.2119679753333
-26.9601154276667
-44.958971167
-25.8290144976667
-118.024717413667
-54.1906029436667
-116.881950849
-164.307009985
-118.755433236333
-48.5967386523333
-12.7411057966667
-31.0454231413333
-17.068814732
-52.1225677693333
-164.754998277
-63.064372762
-160.343643349667
10.0434181033333
-95.8243996203333
-105.828974105333
-5.33209358233333
-39.6164849153333
-30.0993447356667
-127.839640819333
-18.987288974
-45.6508087733333
2.81544167333333
-77.5037676963333
-98.870383204
-34.4120729886667
-19.1010350096667
-125.148712816667
-122.140355133333
-131.293739666
-23.1805545093333
-33.682277943
-17.2846641846667
-70.145362637
-15.800077151
61.653201982
73.2183058416667
-154.864225705667
-22.6392838563333
-51.000777442
-25.282358303
70.4132494223333
7.54688071433333
-78.747945345
-86.2774011566667
-67.328423031
-25.7749268516667
-109.504158544667
-65.5649949103333
-9.70201951733334
-25.6707899596667
54.3035862516667
-134.667451897667
40.3746158803333
-99.0830045306667
-66.6660966276667
-28.4301696516667
-15.609982852
-41.131606085
-108.448191106667
-135.168602832
-101.702602349667
-56.064692306
-21.3333342476667
-34.6556918136667
-37.631814747
-39.2525697996667
-85.87174905
36.0505901066667
-67.1703143016667
-1.180671485
-56.846324529
16.3254291286667
-35.3822267143333
25.130346261
-14.6088700953333
-121.815162882333
-84.7874332353333
-74.7120546423333
-58.9898328163333
-51.5877643093333
-118.405762211667
-41.8326135493333
-77.493564556
-106.749915027667
-85.3161674
-120.410431738
-41.1327939153333
-11.322003613
-43.738644264
15.625337387
-29.975740609
-62.119493499
-58.2015333903333
-29.2430484663333
-32.6861579663333
-143.829870840333
-54.144995304
-122.747061391667
-58.0979259673333
60.1127320176667
11.8074172656667
62.9824226006667
59.0649638953333
-36.776188979
-31.3053997816667
-10.697702997
-91.927915911
-61.2107344113333
-55.8590127123333
-74.3477537536666
-37.34647324
-99.310342446
71.0290922696667
-67.8567953546667
-72.7506723636667
-7.08742454733334
-90.5135674423333
-83.585817129
-18.310780791
-72.7709900676667
12.4494930733333
-69.4924269373333
9.466301771
-127.236699543667
-111.792728940667
71.9877539426666
-5.58584381766667
-121.797724732333
-127.870543552333
-44.0434160873333
-46.331963981
59.8559108783333
49.5189404593333
37.3548422626667
6.65804522333333
-85.9955405373333
-30.8883747916667
48.3826638583333
-87.869368279
-54.0693172206667
-27.9925394046667
-169.059097688
-48.6021272663333
-95.6609839406667
-126.823636877667
-26.8909473756667
39.642175294
-99.1764395863333
-103.719373863667
-107.174026048
-146.069591028667
-90.3387773176667
-27.9146012286667
-38.0802627796667
-61.4501317423333
-80.009495743
-35.8592065433333
0.779444281666665
-83.5474818843333
-140.869839664
-81.2036330813333
-108.035900226667
-5.759368663
-26.9540528356667
-93.2531877676667
-28.0224020683333
-79.6595365333333
-148.338227152333
-40.2098803103334
-62.1161084403333
-60.7286592893333
-104.858698600667
-131.570399812333
-75.5242000686667
-64.5960233836667
-28.2626686056667
-98.6672395293333
-94.355269293
-49.294607482
-110.767116436
-52.2104471186667
-56.6917398573333
0.715197723333332
-2.304228325
47.6791526586667
-59.4684736863333
-70.822074066
-3.907039593
15.2054261896667
-48.4325845483333
-120.795779551667
-3.741327216
-26.2369258413333
-112.183875882333
-5.75814122633333
-51.8679168873333
-86.8402935056667
49.747636743
-104.060703087667
-36.8310020106667
-63.4750308993333
-94.4063446876667
-67.0785864206667
-58.5688973403333
-125.971347315667
-91.5364363803334
-11.9234264173333
-29.005507497
-92.5477408946667
-48.0261470693333
-15.8162239626667
-60.1909596843333
-31.5714595473333
-99.325729576
-93.9881383466667
